-8.26887e+01      
1.06797e-01       
1.06797e-01       
1.03317e+03       
1.03469e+03       
4.18986e-22       
1.05919e+01       
1.2568e+02        
4.57256e-04       
2.33937e-09       
4.45287e-02       
4.61989e-18       
1.18453e-04       
5.26227e-09       
1.04231e-13       
3.53862e-13       
3.24542e-14       
5.44951e-13       
1.59031e+04       
2.04397e-02       
2.6658e-04        
6.57633e-07       
1.4115e-04        
6.1422e-07        
1.21421e-06       
1.08225e-02       
3.35222e-01       
1.46344e+05    
2.655630e-03
9.999770e-01
4.170690e-04
9.985430e-01
4.20518e-04   
4.02707e-04   
9.97252e-01   
6.09841e-01  
1.000000e+00 
6.29406e-04  
9.72787e-04  
1.83473e-04   
3.29636e-05   
