2.230000
3.960000
14.500000
236.100000
51.170000
-79.710000
130.880000
3.122176e-01
1.465303e+00
5.143544e+00
1.113416e+01
1.746552e+01
2.293543e+01
2.847084e+01
3.532917e+01
4.278001e+01
4.945297e+01
5.575359e+01
6.219709e+01
-3.051529e-02
7.629000e-03
2.147379e-01
9.148961e-01
1.980109e+00
3.200158e+00
4.446768e+00
5.843128e+00
7.609337e+00
9.628155e+00
1.176762e+01
1.343609e+01 
-4.169515e-01
-5.077415e-01
-8.620785e-01
-7.324402e-01
-4.922307e-01
-3.822293e-01
-3.146345e-01
-1.427313e-01
3.564725e-01 
8.754563e-01 
-6.898912e-01
-2.034239e+00
-3.785433e+00
-7.338203e+00
-8.970145e+00
-7.884933e+00
-5.925418e+00
-3.909096e+00
-2.129439e+00
-8.555323e-01